<?xml version="1.0"?>
<opencv_storage>
<corners>
  3.60877625e+02 3.06508789e+02 4.77636597e+02 3.09686188e+02
  5.93112061e+02 3.12725311e+02 7.06889587e+02 3.16069580e+02
  8.19195312e+02 3.19306458e+02 9.29893250e+02 3.22787109e+02
  1.03880444e+03 3.26375488e+02 1.14632117e+03 3.30214691e+02
  3.67244324e+02 4.10368713e+02 4.85476379e+02 4.12947876e+02
  6.02550598e+02 4.15497040e+02 7.17691956e+02 4.18110413e+02
  8.31462036e+02 4.20829437e+02 9.43533203e+02 4.23531891e+02
  1.05393530e+03 4.26574066e+02 1.16244617e+03 4.29538757e+02
  3.73840057e+02 5.17211792e+02 4.93664734e+02 5.19149231e+02
  6.12179871e+02 5.20952271e+02 7.28826660e+02 5.22920471e+02
  8.43989685e+02 5.24687622e+02 9.57492920e+02 5.26769287e+02
  1.06898914e+03 5.29033997e+02 1.17886621e+03 5.31142700e+02
  3.80692474e+02 6.26956970e+02 5.02248322e+02 6.28076172e+02
  6.22077209e+02 6.29110229e+02 7.40237183e+02 6.30361938e+02
  8.56743286e+02 6.31636841e+02 9.71484070e+02 6.32732605e+02
  1.08447583e+03 6.33990601e+02 1.19560095e+03 6.35359619e+02
  3.87862152e+02 7.39522949e+02 5.10965393e+02 7.39924072e+02
  6.32305481e+02 7.40422852e+02 7.52045776e+02 7.40697510e+02
  8.69925537e+02 7.40993347e+02 9.86072815e+02 7.41467773e+02
  1.10025952e+03 7.42025574e+02 1.21254248e+03 7.42423889e+02
  3.95590698e+02 8.55036072e+02 5.19989929e+02 8.54540466e+02
  6.42961975e+02 8.54049988e+02 7.64219299e+02 8.53479431e+02
  8.83396545e+02 8.53176453e+02 1.00089374e+03 8.52858826e+02
  1.11635962e+03 8.52671509e+02 1.22990112e+03 8.51906494e+02</corners>
</opencv_storage>
