<?xml version="1.0"?>
<opencv_storage>
<fundamental type_id="opencv-matrix">
  <rows>3</rows>
  <cols>3</cols>
  <dt>d</dt>
  <data>
    1.8920158965645523e-08 -2.6009398881119192e-07
    -8.6841594078342955e-04 9.4111670888445735e-08
    -3.9517429660354665e-09 -1.2959389202893802e-04
    -8.0460758766295317e-04 5.5186512836693117e-07 1.</data></fundamental>
<rotation type_id="opencv-matrix">
  <rows>3</rows>
  <cols>3</cols>
  <dt>d</dt>
  <data>
    -9.9952959395584318e-01 -1.7919224561651518e-02
    -2.4889600189163471e-02 1.4650392947533541e-02
    -9.9194596597134199e-01 1.2581163133694789e-01
    -2.6943585376674736e-02 1.2538780636206354e-01
    9.9174187227461508e-01</data></rotation>
<translation type_id="opencv-matrix">
  <rows>3</rows>
  <cols>1</cols>
  <dt>d</dt>
  <data>
    4.1199717592715608e+01 -2.7374971291204236e+02
    -8.5295583556433385e+01</data></translation>
<essential type_id="opencv-matrix">
  <rows>3</rows>
  <cols>3</cols>
  <dt>d</dt>
  <data>
    8.6254125774767409e+00 -1.1893348601826128e+02
    -2.6075787630495540e+02 8.6365528106842774e+01
    -3.6375114958222863e+00 -3.8736512089964158e+01
    -2.7301734734044163e+02 -4.5773276244611303e+01
    -1.6301172253179121e+00</data></essential>
<camera_matrix type_id="opencv-matrix">
  <rows>3</rows>
  <cols>3</cols>
  <dt>d</dt>
  <data>
    1.7367930720336012e+03 0. 6.2011326554459470e+02 0.
    1.7420748652017016e+03 5.2569850936693445e+02 0. 0. 1.</data></camera_matrix>
<projector_matrix type_id="opencv-matrix">
  <rows>3</rows>
  <cols>3</cols>
  <dt>d</dt>
  <data>
    1.1751306175797995e+03 0. 4.3944830254508264e+02 0.
    2.3655274602257887e+03 9.8328388362125679e+02 0. 0. 1.</data></projector_matrix>
<distortion_camera type_id="opencv-matrix">
  <rows>1</rows>
  <cols>5</cols>
  <dt>d</dt>
  <data>
    -8.3792070516982994e-02 7.5845002964636088e-02
    1.5332472295112856e-03 6.9166263227313772e-04 0.</data></distortion_camera>
<distorion_projector type_id="opencv-matrix">
  <rows>1</rows>
  <cols>5</cols>
  <dt>d</dt>
  <data>
    9.8979929329969366e-02 -3.4196286187993863e-01
    -1.9153051471364688e-02 1.8483109536945300e-03 0.</data></distorion_projector>
</opencv_storage>
