<?xml version="1.0"?>
<opencv_storage>
<fundamental type_id="opencv-matrix">
  <rows>3</rows>
  <cols>3</cols>
  <dt>d</dt>
  <data>
    2.8967554578556617e-07 -6.1050486948008313e-06
    1.7782884404742735e-02 3.0011342253125301e-06 4.3609953759330447e-08
    -7.8272517508014500e-04 -2.6465482307136610e-02
    1.6346192024436251e-03 1.</data></fundamental>
<rotation type_id="opencv-matrix">
  <rows>3</rows>
  <cols>3</cols>
  <dt>d</dt>
  <data>
    9.9961743634165601e-01 1.8250311622955363e-02
    -2.0782374440865035e-02 -1.7926238060067681e-02
    9.9971643750904338e-01 1.5674647148846057e-02 2.1062548534046894e-02
    -1.5296100806809139e-02 9.9966114176222676e-01</data></rotation>
<translation type_id="opencv-matrix">
  <rows>3</rows>
  <cols>1</cols>
  <dt>d</dt>
  <data>
    3.4007128693333954e+01 -2.0663744975179549e+02
    -1.4238041714967119e+02</data></translation>
<essential type_id="opencv-matrix">
  <rows>3</rows>
  <cols>3</cols>
  <dt>d</dt>
  <data>
    -6.9046565672656177e+00 1.4550079066578621e+02
    -2.0433566614998804e+02 -1.4304222437501679e+02
    -2.0783105133445092e+00 -3.1036601955382174e+01
    2.0594877788837150e+02 3.7768683398154437e+01
    -3.7613671114338390e+00</data></essential>
<camera_matrix type_id="opencv-matrix">
  <rows>3</rows>
  <cols>3</cols>
  <dt>d</dt>
  <data>
    1.7437589195830456e+03 0. 6.3198018639322913e+02 0.
    1.7435420063326790e+03 4.9423991346030192e+02 0. 0. 1.</data></camera_matrix>
<projector_matrix type_id="opencv-matrix">
  <rows>3</rows>
  <cols>3</cols>
  <dt>d</dt>
  <data>
    2.2315801107459829e+03 0. 8.6351977865352012e+02 0.
    4.4623236821628198e+03 2.3103976586046165e+03 0. 0. 1.</data></projector_matrix>
<distortion_camera type_id="opencv-matrix">
  <rows>1</rows>
  <cols>5</cols>
  <dt>d</dt>
  <data>
    -8.6930106745139651e-02 5.9191228096213480e-02
    -3.1814369641727487e-03 2.8757963676243154e-03 0.</data></distortion_camera>
<distorion_projector type_id="opencv-matrix">
  <rows>1</rows>
  <cols>5</cols>
  <dt>d</dt>
  <data>
    5.8233487661891042e-02 -1.6811255902727582e-01
    -4.2302772920711981e-03 -1.7336804959691302e-03 0.</data></distorion_projector>
</opencv_storage>
