<?xml version="1.0"?>
<opencv_storage>
<fundamental type_id="opencv-matrix">
  <rows>3</rows>
  <cols>3</cols>
  <dt>d</dt>
  <data>
    -1.8042874188078824e-07 5.4519751813209680e-06
    -4.0955109443166701e-03 -1.2931837738552428e-05
    3.5290038435054191e-06 7.6829690204166703e-02 8.1555367396652784e-03
    -5.3930283418410510e-02 1.</data></fundamental>
<rotation type_id="opencv-matrix">
  <rows>3</rows>
  <cols>3</cols>
  <dt>d</dt>
  <data>
    9.1659753536915023e-01 3.9178158532115884e-02 3.9788695636981097e-01
    3.4243978709899286e-02 9.8383715118197645e-01
    -1.7576066077552394e-01 -3.9834194867891515e-01
    1.7472702094457293e-01 9.0044109195133881e-01</data></rotation>
<translation type_id="opencv-matrix">
  <rows>3</rows>
  <cols>1</cols>
  <dt>d</dt>
  <data>
    -4.2495656091092565e+02 1.6346678089632857e+01
    -9.6210840923445204e+01</data></translation>
<essential type_id="opencv-matrix">
  <rows>3</rows>
  <cols>3</cols>
  <dt>d</dt>
  <data>
    -3.2169256164073134e+00 9.7512006011886115e+01
    -2.1908603056675133e+00 -2.5746464424337148e+02
    7.0482030340610066e+01 3.4436731107370986e+02
    -2.9535528272896123e+01 -4.1872848500836426e+02
    6.8186515954757382e+01</data></essential>
<camera_matrix type_id="opencv-matrix">
  <rows>3</rows>
  <cols>3</cols>
  <dt>d</dt>
  <data>
    4.0152951039043792e+03 0. 7.5768219608721358e+02 0.
    4.0279715247848781e+03 6.8577369924210234e+02 0. 0. 1.</data></camera_matrix>
<projector_matrix type_id="opencv-matrix">
  <rows>3</rows>
  <cols>3</cols>
  <dt>d</dt>
  <data>
    2.0072687199363443e+03 0. 7.0412675077984682e+02 0.
    2.2414423379722016e+03 8.7796264922975058e+02 0. 0. 1.</data></projector_matrix>
<distortion_camera type_id="opencv-matrix">
  <rows>1</rows>
  <cols>5</cols>
  <dt>d</dt>
  <data>
    -1.5691076590036210e-01 -1.0599624902746150e+00
    3.0721375335654361e-03 -1.1733155828442818e-03 0.</data></distortion_camera>
<distorion_projector type_id="opencv-matrix">
  <rows>1</rows>
  <cols>5</cols>
  <dt>d</dt>
  <data>
    1.1404048643579588e-01 -2.9212998374855309e-01
    4.2397784753897619e-03 -2.1369874266463930e-03 0.</data></distorion_projector>
</opencv_storage>
