<?xml version="1.0"?>
<opencv_storage>
<corners>
  4.70652832e+02 3.69854767e+02 5.88287598e+02 3.69807800e+02
  7.06566345e+02 3.69530060e+02 8.24712158e+02 3.69523438e+02
  9.43506348e+02 3.69451752e+02 1.06225769e+03 3.69847656e+02
  1.18110339e+03 3.70105011e+02 1.30007214e+03 3.71175751e+02
  4.70053070e+02 4.88397552e+02 5.87803711e+02 4.88416962e+02
  7.06090881e+02 4.88480011e+02 8.24509888e+02 4.88562286e+02
  9.43247253e+02 4.88954468e+02 1.06221045e+03 4.89115173e+02
  1.18128540e+03 4.89825897e+02 1.30030664e+03 4.90252991e+02
  4.69598511e+02 6.06802734e+02 5.87338013e+02 6.07185303e+02
  7.05596008e+02 6.07441406e+02 8.24254272e+02 6.07745422e+02
  9.43005127e+02 6.07956665e+02 1.06179736e+03 6.08799377e+02
  1.18107886e+03 6.08898071e+02 1.30014563e+03 6.09715149e+02
  4.69228485e+02 7.25485046e+02 5.87122375e+02 7.25997681e+02
  7.05276001e+02 7.26444153e+02 8.23861084e+02 7.26784973e+02
  9.42619019e+02 7.27590332e+02 1.06176013e+03 7.27935181e+02
  1.18065393e+03 7.28608276e+02 1.29947571e+03 7.28582397e+02
  4.68946838e+02 8.44221375e+02 5.86640076e+02 8.44871399e+02
  7.05039307e+02 8.45497192e+02 8.23473816e+02 8.46197266e+02
  9.42287598e+02 8.46648743e+02 1.06121558e+03 8.47427246e+02
  1.18056470e+03 8.47953247e+02 1.29907373e+03 8.48811035e+02
  4.69010162e+02 9.62491882e+02 5.86539978e+02 9.63176270e+02
  7.04613037e+02 9.64004700e+02 8.23155273e+02 9.64832458e+02
  9.41893250e+02 9.65664734e+02 1.06074536e+03 9.66509766e+02
  1.17964014e+03 9.67346313e+02 1.29856543e+03 9.67735168e+02</corners>
</opencv_storage>
