<?xml version="1.0"?>
<opencv_storage>
<fundamental type_id="opencv-matrix">
  <rows>3</rows>
  <cols>3</cols>
  <dt>d</dt>
  <data>
    -1.9550731110546589e-07 6.0828256201075950e-06
    -4.6246631238342243e-03 -1.3750769706890142e-05
    3.6464243223586404e-06 7.9588280495488536e-02 8.6566325441077684e-03
    -5.5838535828614332e-02 1.</data></fundamental>
<rotation type_id="opencv-matrix">
  <rows>3</rows>
  <cols>3</cols>
  <dt>d</dt>
  <data>
    9.1718763043876184e-01 3.9661091098366207e-02 3.9647679430581612e-01
    3.3598883744055542e-02 9.8379185941368019e-01
    -1.7613827625626147e-01 -3.9703647890500288e-01
    1.7487302594814544e-01 9.0098915599160045e-01</data></rotation>
<translation type_id="opencv-matrix">
  <rows>3</rows>
  <cols>1</cols>
  <dt>d</dt>
  <data>
    -4.2599410202814653e+02 1.7294441212379969e+01
    -1.0396626299896171e+02</data></translation>
<essential type_id="opencv-matrix">
  <rows>3</rows>
  <cols>3</cols>
  <dt>d</dt>
  <data>
    -3.3733736597868940e+00 1.0530549445893143e+02
    -2.7303343621536733e+00 -2.6449176870914465e+02
    7.0371462229766465e+01 3.4259585577395575e+02
    -3.0175173865042282e+01 -4.1977544614195079e+02
    6.8177022215376908e+01</data></essential>
<camera_matrix type_id="opencv-matrix">
  <rows>3</rows>
  <cols>3</cols>
  <dt>d</dt>
  <data>
    4.0200268950249911e+03 0. 7.6114563973902273e+02 0.
    4.0334174888493853e+03 6.8016849841124383e+02 0. 0. 1.</data></camera_matrix>
<projector_matrix type_id="opencv-matrix">
  <rows>3</rows>
  <cols>3</cols>
  <dt>d</dt>
  <data>
    1.9932219149758898e+03 0. 7.1090733353489895e+02 0.
    2.2219759747809458e+03 8.7292983860574668e+02 0. 0. 1.</data></projector_matrix>
<distortion_camera type_id="opencv-matrix">
  <rows>1</rows>
  <cols>5</cols>
  <dt>d</dt>
  <data>
    -8.8364760960265992e-02 -6.3186981020556132e+00
    3.1113159077723568e-03 3.0430585608596698e-04 9.7031049694386596e+01</data></distortion_camera>
<distorion_projector type_id="opencv-matrix">
  <rows>1</rows>
  <cols>5</cols>
  <dt>d</dt>
  <data>
    8.6467540057044573e-02 -2.8650225912792776e-01
    8.8753979529993324e-04 -2.1365151481841501e-03
    7.4448549927663954e-01</data></distorion_projector>
</opencv_storage>
