<?xml version="1.0"?>
<opencv_storage>
<fundamental type_id="opencv-matrix">
  <rows>3</rows>
  <cols>3</cols>
  <dt>d</dt>
  <data>
    -3.3614246234769906e-07 5.4165524775386395e-06
    -2.9247910866354926e-03 -2.6460650062422945e-06
    -5.0114986396640127e-07 -1.8145316884815851e-02
    3.2051613422509194e-04 1.0654346115834740e-02 1.</data></fundamental>
<rotation type_id="opencv-matrix">
  <rows>3</rows>
  <cols>3</cols>
  <dt>d</dt>
  <data>
    8.8807096659502671e-01 6.3424989866325429e-02 4.5531003607589343e-01
    -3.8772755920258306e-02 9.9724164943813876e-01
    -6.3291121211813989e-02 -4.5806837010355012e-01
    3.8553382294644042e-02 8.8808051719667858e-01</data></rotation>
<translation type_id="opencv-matrix">
  <rows>3</rows>
  <cols>1</cols>
  <dt>d</dt>
  <data>
    -3.9801820659890637e+02 -2.0132869066490038e+01
    4.5571707442875135e+02</data></translation>
<essential type_id="opencv-matrix">
  <rows>3</rows>
  <cols>3</cols>
  <dt>d</dt>
  <data>
    2.6891637414315440e+01 -4.5523623717825939e+02
    1.0963235822741876e+01 2.2238955161349983e+02 4.4248798906791279e+01
    5.6096477236860665e+02 3.3311679268487261e+01
    -3.9564340583858109e+02 3.4357715899335020e+01</data></essential>
<camera_matrix type_id="opencv-matrix">
  <rows>3</rows>
  <cols>3</cols>
  <dt>d</dt>
  <data>
    4.0267243655583975e+03 0. 8.1250000000000000e+02 0.
    4.0385047895802268e+03 6.1650000000000000e+02 0. 0. 1.</data></camera_matrix>
<projector_matrix type_id="opencv-matrix">
  <rows>3</rows>
  <cols>3</cols>
  <dt>d</dt>
  <data>
    2.0623623630634511e+03 0. 6.3950000000000000e+02 0.
    2.3584334812883485e+03 3.9950000000000000e+02 0. 0. 1.</data></projector_matrix>
<distortion_camera type_id="opencv-matrix">
  <rows>1</rows>
  <cols>12</cols>
  <dt>d</dt>
  <data>
    -1.8369472403375381e-01 -1.1026751753179171e-02
    2.8246866855854535e-04 9.4395725393866994e-04 0. 0. 0. 0. 0. 0. 0.
    0.</data></distortion_camera>
<distorion_projector type_id="opencv-matrix">
  <rows>1</rows>
  <cols>12</cols>
  <dt>d</dt>
  <data>
    7.8059713879740755e-02 -2.6653773479263487e-01
    -7.9745592103919169e-02 -1.4945061470708652e-02 0. 0. 0. 0. 0. 0. 0.
    0.</data></distorion_projector>
</opencv_storage>
