<?xml version="1.0"?>
<opencv_storage>
<calibration_time>"Mon 19 Okt 2015 16:50:27 CEST"</calibration_time>
<nr_of_frames>9</nr_of_frames>
<image_width>1626</image_width>
<image_height>1234</image_height>
<board_width>8</board_width>
<board_height>6</board_height>
<square_size>2.8555555343627930e+01</square_size>
<!-- flags: +fix_principal_point -->
<flags>6148</flags>
<fisheye_model>0</fisheye_model>
<camera_matrix type_id="opencv-matrix">
  <rows>3</rows>
  <cols>3</cols>
  <dt>d</dt>
  <data>
    4.0487368623067032e+03 0. 8.1250000000000000e+02 0.
    4.0617761414484189e+03 6.1650000000000000e+02 0. 0. 1.</data></camera_matrix>
<distortion_coefficients type_id="opencv-matrix">
  <rows>5</rows>
  <cols>1</cols>
  <dt>d</dt>
  <data>
    -2.2268098514680013e-01 3.2376835542754918e+00
    1.2489691914329990e-03 2.2296313024017567e-04
    -8.8878152248380061e+01</data></distortion_coefficients>
<avg_reprojection_error>3.1862863005241110e-01</avg_reprojection_error>
<per_view_reprojection_errors type_id="opencv-matrix">
  <rows>9</rows>
  <cols>1</cols>
  <dt>f</dt>
  <data>
    2.00658396e-01 6.04935050e-01 2.49606058e-01 2.49606058e-01
    2.31002852e-01 2.03213453e-01 1.97686315e-01 2.60627508e-01
    4.25718963e-01</data></per_view_reprojection_errors>
<extrinsic_parameters type_id="opencv-matrix">
  <rows>9</rows>
  <cols>6</cols>
  <dt>d</dt>
  <data>
    -2.0352605409864725e-02 5.9592517268769074e-02
    6.2762466430727706e-02 -1.0860379437131363e+02
    -7.3233835853911117e+01 9.6878308326746344e+02
    -1.7076541449147921e-02 -2.5708711805464257e-01
    4.1059512209634080e-02 -1.1917937034425192e+02
    -6.4009664633863139e+01 9.8304391751441426e+02
    -1.7900474841323489e-03 4.0796644992789691e-02
    3.1287944548304401e-03 -8.2617925027551493e+01
    -5.9446206163002856e+01 9.7649411309850097e+02
    -1.7900474841322101e-03 4.0796644992789663e-02
    3.1287944548304318e-03 -8.2617925027551493e+01
    -5.9446206163002856e+01 9.7649411309850097e+02
    3.8033004303927276e-01 -2.4602214904990821e-01
    9.6572814107371216e-02 -9.2738031233441959e+01
    -4.2679766759002334e+01 9.1983080925569254e+02
    -4.3856682326011859e-01 -2.6108604556331394e-01
    -2.6090128362207744e-02 -1.2451699678351027e+02
    -4.1837969830465788e+01 9.6778950772186852e+02
    -8.4655206440622258e-02 -1.9619075361673177e-02
    2.2830006586841345e-01 -1.0907020035517039e+02
    -9.1481659800862971e+01 9.7276303013466691e+02
    -3.6503233258128973e-02 -4.2682756697876528e-01
    4.2337638169272558e-02 -8.7293870728754356e+01
    -8.0817710959992837e+01 9.1169409815080940e+02
    -5.8819723003380557e-03 -3.4154203535631650e-01
    6.7620522617037132e-02 -7.0602980923301857e+01
    -6.4134239765979984e+01 7.9842505999182913e+02</data></extrinsic_parameters>
<image_points type_id="opencv-matrix">
  <rows>9</rows>
  <cols>48</cols>
  <dt>"2f"</dt>
  <data>
    3.60273987e+02 3.10932190e+02 4.77818787e+02 3.17393402e+02
    5.96169312e+02 3.23804199e+02 7.14840881e+02 3.30490967e+02
    8.34230652e+02 3.37339691e+02 9.54092102e+02 3.44389557e+02
    1.07408289e+03 3.51635254e+02 1.19450854e+03 3.59270538e+02
    3.52180054e+02 4.29760193e+02 4.69756500e+02 4.36510590e+02
    5.88296204e+02 4.43359802e+02 7.07228882e+02 4.50302887e+02
    8.26667419e+02 4.57490143e+02 9.46624878e+02 4.64684692e+02
    1.06693103e+03 4.72265686e+02 1.18746667e+03 4.79777832e+02
    3.44262085e+02 5.48736633e+02 4.61875977e+02 5.55815613e+02
    5.80479980e+02 5.63068848e+02 6.99547302e+02 5.70327698e+02
    8.19159485e+02 5.77612488e+02 9.39230408e+02 5.85339478e+02
    1.05963696e+03 5.92858582e+02 1.18033142e+03 6.00495667e+02
    3.36473938e+02 6.67963989e+02 4.54272461e+02 6.75394409e+02
    5.72769836e+02 6.82840332e+02 6.91854004e+02 6.90470032e+02
    8.11497925e+02 6.98163635e+02 9.31637207e+02 7.05780762e+02
    1.05215063e+03 7.13558289e+02 1.17286536e+03 7.21183899e+02
    3.28765625e+02 7.87400146e+02 4.46443634e+02 7.95184387e+02
    5.65091003e+02 8.03002014e+02 6.84259583e+02 8.10912720e+02
    8.03987976e+02 8.18635193e+02 9.24091919e+02 8.26606201e+02
    1.04457654e+03 8.34550171e+02 1.16524146e+03 8.42574524e+02
    3.21327423e+02 9.06592224e+02 4.38960571e+02 9.14586182e+02
    5.57536621e+02 9.22768738e+02 6.76570129e+02 9.30878845e+02
    7.96370972e+02 9.38944397e+02 9.16481140e+02 9.47285828e+02
    1.03693188e+03 9.55660400e+02 1.15751160e+03 9.63483765e+02
    3.23404602e+02 3.53047455e+02 4.38892761e+02 3.59557861e+02
    5.53177734e+02 3.65900604e+02 6.66032715e+02 3.72415039e+02
    7.77521973e+02 3.79194305e+02 8.86960876e+02 3.85763458e+02
    9.95062378e+02 3.92045471e+02 1.10169031e+03 3.99208557e+02
    3.18235443e+02 4.70565918e+02 4.34007782e+02 4.76173340e+02
    5.48478699e+02 4.82220734e+02 6.61730591e+02 4.88313141e+02
    7.73578613e+02 4.93011169e+02 8.82892517e+02 4.99347656e+02
    9.91012329e+02 5.05417908e+02 1.09783459e+03 5.10922882e+02
    3.13525940e+02 5.88003784e+02 4.29305298e+02 5.93093262e+02
    5.44724182e+02 5.99044128e+02 6.55738159e+02 6.04689514e+02
    7.68269592e+02 6.08430847e+02 8.78354675e+02 6.13309937e+02
    9.86978760e+02 6.18233459e+02 1.09353735e+03 6.23159790e+02
    3.08390015e+02 7.05883545e+02 4.24292725e+02 7.09633911e+02
    5.38463196e+02 7.15032776e+02 6.51949219e+02 7.17676758e+02
    7.64833008e+02 7.22425049e+02 8.73769836e+02 7.26610474e+02
    9.82577271e+02 7.31042969e+02 1.08970801e+03 7.35246399e+02
    3.04194885e+02 8.23766602e+02 4.19875702e+02 8.27619812e+02
    5.34962097e+02 8.30669556e+02 6.48441711e+02 8.32349304e+02
    7.60047180e+02 8.37585266e+02 8.69537231e+02 8.40934631e+02
    9.78296204e+02 8.44276794e+02 1.08525720e+03 8.47584534e+02
    2.99824554e+02 9.41224792e+02 4.15792236e+02 9.43947937e+02
    5.30600220e+02 9.46417114e+02 6.43540588e+02 9.49609741e+02
    7.55103882e+02 9.52089539e+02 8.65615906e+02 9.54927429e+02
    9.73850708e+02 9.57397095e+02 1.08103589e+03 9.59817871e+02
    4.70652832e+02 3.69854767e+02 5.88287598e+02 3.69807800e+02
    7.06566345e+02 3.69530060e+02 8.24712158e+02 3.69523438e+02
    9.43506348e+02 3.69451752e+02 1.06225769e+03 3.69847656e+02
    1.18110339e+03 3.70105011e+02 1.30007214e+03 3.71175751e+02
    4.70053070e+02 4.88397552e+02 5.87803711e+02 4.88416962e+02
    7.06090881e+02 4.88480011e+02 8.24509888e+02 4.88562286e+02
    9.43247253e+02 4.88954468e+02 1.06221045e+03 4.89115173e+02
    1.18128540e+03 4.89825897e+02 1.30030664e+03 4.90252991e+02
    4.69598511e+02 6.06802734e+02 5.87338013e+02 6.07185303e+02
    7.05596008e+02 6.07441406e+02 8.24254272e+02 6.07745422e+02
    9.43005127e+02 6.07956665e+02 1.06179736e+03 6.08799377e+02
    1.18107886e+03 6.08898071e+02 1.30014563e+03 6.09715149e+02
    4.69228485e+02 7.25485046e+02 5.87122375e+02 7.25997681e+02
    7.05276001e+02 7.26444153e+02 8.23861084e+02 7.26784973e+02
    9.42619019e+02 7.27590332e+02 1.06176013e+03 7.27935181e+02
    1.18065393e+03 7.28608276e+02 1.29947571e+03 7.28582397e+02
    4.68946838e+02 8.44221375e+02 5.86640076e+02 8.44871399e+02
    7.05039307e+02 8.45497192e+02 8.23473816e+02 8.46197266e+02
    9.42287598e+02 8.46648743e+02 1.06121558e+03 8.47427246e+02
    1.18056470e+03 8.47953247e+02 1.29907373e+03 8.48811035e+02
    4.69010162e+02 9.62491882e+02 5.86539978e+02 9.63176270e+02
    7.04613037e+02 9.64004700e+02 8.23155273e+02 9.64832458e+02
    9.41893250e+02 9.65664734e+02 1.06074536e+03 9.66509766e+02
    1.17964014e+03 9.67346313e+02 1.29856543e+03 9.67735168e+02
    4.70652832e+02 3.69854767e+02 5.88287598e+02 3.69807800e+02
    7.06566345e+02 3.69530060e+02 8.24712158e+02 3.69523438e+02
    9.43506348e+02 3.69451752e+02 1.06225769e+03 3.69847656e+02
    1.18110339e+03 3.70105011e+02 1.30007214e+03 3.71175751e+02
    4.70053070e+02 4.88397552e+02 5.87803711e+02 4.88416962e+02
    7.06090881e+02 4.88480011e+02 8.24509888e+02 4.88562286e+02
    9.43247253e+02 4.88954468e+02 1.06221045e+03 4.89115173e+02
