<?xml version="1.0"?>
<opencv_storage>
<fundamental type_id="opencv-matrix">
  <rows>3</rows>
  <cols>3</cols>
  <dt>d</dt>
  <data>
    -3.1849155992572345e-07 5.5832585018698076e-06
    -3.2759666839998467e-03 -2.5261967281113379e-06
    -5.5399664984891170e-07 -1.9534062731702401e-02
    3.4376841011779177e-04 1.1602823622779333e-02 1.</data></fundamental>
<rotation type_id="opencv-matrix">
  <rows>3</rows>
  <cols>3</cols>
  <dt>d</dt>
  <data>
    8.7994773215320921e-01 6.5330961566962706e-02 4.7055696163074656e-01
    -3.7263062721340549e-02 9.9693913173660131e-01
    -6.8730137268136940e-02 -4.7360685471712638e-01
    4.2944534844465913e-02 8.7968875978492711e-01</data></rotation>
<translation type_id="opencv-matrix">
  <rows>3</rows>
  <cols>1</cols>
  <dt>d</dt>
  <data>
    -4.0962492995004931e+02 -1.6181161120624466e+01
    4.5308374622644908e+02</data></translation>
<essential type_id="opencv-matrix">
  <rows>3</rows>
  <cols>3</cols>
  <dt>d</dt>
  <data>
    2.4546796877666122e+01 -4.5239180900453135e+02
    1.6906122514023352e+01 2.0468884028007795e+02 4.7191548888737429e+01
    5.7354415759334063e+02 2.9502455488652597e+01
    -4.0731399118678797e+02 3.5767735676496486e+01</data></essential>
<camera_matrix type_id="opencv-matrix">
  <rows>3</rows>
  <cols>3</cols>
  <dt>d</dt>
  <data>
    4.0313220026377044e+03 0. 8.1250000000000000e+02 0.
    4.0440178191866648e+03 6.1650000000000000e+02 0. 0. 1.</data></camera_matrix>
<projector_matrix type_id="opencv-matrix">
  <rows>3</rows>
  <cols>3</cols>
  <dt>d</dt>
  <data>
    2.0856746246953712e+03 0. 6.3950000000000000e+02 0.
    2.3868315507543725e+03 3.9950000000000000e+02 0. 0. 1.</data></projector_matrix>
<distortion_camera type_id="opencv-matrix">
  <rows>1</rows>
  <cols>12</cols>
  <dt>d</dt>
  <data>
    -1.7226129681985022e-01 -2.0290101594777565e-01
    9.6192000714424690e-04 8.4617557859099468e-04 0. 0. 0. 0. 0. 0. 0.
    0.</data></distortion_camera>
<distorion_projector type_id="opencv-matrix">
  <rows>1</rows>
  <cols>12</cols>
  <dt>d</dt>
  <data>
    1.0792348715526429e-01 -1.3505716947732298e+00
    -7.6715864465017700e-02 -1.5235621564673573e-02 0. 0. 0. 0. 0. 0. 0.
    0.</data></distorion_projector>
</opencv_storage>
