<?xml version="1.0"?>
<opencv_storage>
<fundamental type_id="opencv-matrix">
  <rows>3</rows>
  <cols>3</cols>
  <dt>d</dt>
  <data>
    -1.9636260133436282e-07 6.1137940329237684e-06
    -4.6489588803104208e-03 -1.3832237792502846e-05
    3.6710026863485184e-06 8.0033024143464374e-02 8.7067831684933122e-03
    -5.6144211054429800e-02 1.</data></fundamental>
<rotation type_id="opencv-matrix">
  <rows>3</rows>
  <cols>3</cols>
  <dt>d</dt>
  <data>
    9.1701257425133964e-01 3.9800136524640789e-02 3.9686759479397044e-01
    3.3644924886441482e-02 9.8374405805938547e-01
    -1.7639627904873206e-01 -3.9743673420346654e-01
    1.7511018635554126e-01 9.0076659848165475e-01</data></rotation>
<translation type_id="opencv-matrix">
  <rows>3</rows>
  <cols>1</cols>
  <dt>d</dt>
  <data>
    -4.2597506912352706e-01 1.7275904071155364e-02
    -1.0392450106475555e-01</data></translation>
<essential type_id="opencv-matrix">
  <rows>3</rows>
  <cols>3</cols>
  <dt>d</dt>
  <data>
    -3.3695468622677513e-03 1.0526029719060002e-01
    -2.7703379439488821e-03 -2.6459821457372812e-01
    7.0456364406402947e-02 3.4245984727465428e-01
    -3.0174120468967166e-02 -4.1973802647232433e-01
    6.8284170664305824e-02</data></essential>
<camera_matrix type_id="opencv-matrix">
  <rows>3</rows>
  <cols>3</cols>
  <dt>d</dt>
  <data>
    4.0201364876497369e+03 0. 7.6299916826314995e+02 0.
    4.0334981519254693e+03 6.7875352981879439e+02 0. 0. 1.</data></camera_matrix>
<projector_matrix type_id="opencv-matrix">
  <rows>3</rows>
  <cols>3</cols>
  <dt>d</dt>
  <data>
    1.9932186869098739e+03 0. 7.1096575471082861e+02 0.
    2.2219623165627249e+03 8.7275002553873617e+02 0. 0. 1.</data></projector_matrix>
<distortion_camera type_id="opencv-matrix">
  <rows>1</rows>
  <cols>5</cols>
  <dt>d</dt>
  <data>
    -1.1713818980129607e-01 -3.9581739209754350e+00
    3.0412155818418164e-03 4.1219087273984480e-04 4.3504599697536086e+01</data></distortion_camera>
<distorion_projector type_id="opencv-matrix">
  <rows>1</rows>
  <cols>5</cols>
  <dt>d</dt>
  <data>
    8.6700615903348988e-02 -2.8817364503101278e-01
    8.6741479691217140e-04 -2.1217904396751983e-03
    7.5030648708644043e-01</data></distorion_projector>
</opencv_storage>
