<?xml version="1.0"?>
<opencv_storage>
<fundamental type_id="opencv-matrix">
  <rows>3</rows>
  <cols>3</cols>
  <dt>d</dt>
  <data>
    -1.9739097512650732e-07 6.1392548683291045e-06
    -4.6651511524808831e-03 -1.3863653681957482e-05
    3.6776922297264684e-06 8.0298871610023498e-02 8.7263639310328732e-03
    -5.6329240689237517e-02 1.</data></fundamental>
<rotation type_id="opencv-matrix">
  <rows>3</rows>
  <cols>3</cols>
  <dt>d</dt>
  <data>
    9.1739610683384376e-01 3.9739219613134022e-02 3.9598633510595527e-01
    3.3445180629602736e-02 9.8378401056194142e-01
    -1.7621135166417412e-01 -3.9656752648037141e-01
    1.7489944250111578e-01 9.0119053587686937e-01</data></rotation>
<translation type_id="opencv-matrix">
  <rows>3</rows>
  <cols>1</cols>
  <dt>d</dt>
  <data>
    -4.2595841544509005e+02 1.7290442891961668e+01
    -1.0404518658981097e+02</data></translation>
<essential type_id="opencv-matrix">
  <rows>3</rows>
  <cols>3</cols>
  <dt>d</dt>
  <data>
    -3.3770181102784100e+00 1.0538207976539124e+02
    -2.7519594677864525e+00 -2.6437192430885125e+02
    7.0365214870422903e+01 3.4266922055310835e+02
    -3.0108441139778940e+01 -4.1973818698647233e+02
    6.8211929025162434e+01</data></essential>
<camera_matrix type_id="opencv-matrix">
  <rows>3</rows>
  <cols>3</cols>
  <dt>d</dt>
  <data>
    4.0199573677793924e+03 0. 7.6165642102005665e+02 0.
    4.0333550337647434e+03 6.7905031831504516e+02 0. 0. 1.</data></camera_matrix>
<projector_matrix type_id="opencv-matrix">
  <rows>3</rows>
  <cols>3</cols>
  <dt>d</dt>
  <data>
    1.9935561161920252e+03 0. 7.1231062066375614e+02 0.
    2.2220815785032978e+03 8.7236546220294372e+02 0. 0. 1.</data></projector_matrix>
<distortion_camera type_id="opencv-matrix">
  <rows>1</rows>
  <cols>5</cols>
  <dt>d</dt>
  <data>
    -8.9874632049458378e-02 -6.1849176203351721e+00
    3.0512935714004531e-03 3.3524709758143073e-04 9.3506487782308639e+01</data></distortion_camera>
<distorion_projector type_id="opencv-matrix">
  <rows>1</rows>
  <cols>5</cols>
  <dt>d</dt>
  <data>
    8.7589853467409634e-02 -2.9610835156327414e-01
    6.1862540553643726e-04 -1.8586355165047777e-03
    7.4342126134849096e-01</data></distorion_projector>
</opencv_storage>
