<?xml version="1.0"?>
<opencv_storage>
<fundamental type_id="opencv-matrix">
  <rows>3</rows>
  <cols>3</cols>
  <dt>d</dt>
  <data>
    -6.3216571797321100e-07 1.5815088708362328e-05
    -1.0813471269448229e-02 -3.1949704370245400e-05
    7.0705740734541697e-06 1.7331207974114871e-01 1.9220531776824774e-02
    -1.2010308483129112e-01 1.</data></fundamental>
<rotation type_id="opencv-matrix">
  <rows>3</rows>
  <cols>3</cols>
  <dt>d</dt>
  <data>
    9.1626988480188376e-01 4.9874052381131330e-02 3.9744443272516350e-01
    2.0118145890448337e-02 9.8523615619729621e-01
    -1.7001463680373979e-01 -4.0005594410166367e-01
    1.6377513675970806e-01 9.0173884587959585e-01</data></rotation>
<translation type_id="opencv-matrix">
  <rows>3</rows>
  <cols>1</cols>
  <dt>d</dt>
  <data>
    -4.2943805550513724e+02 1.9189003044269064e+01
    -1.2715781038180909e+02</data></translation>
<essential type_id="opencv-matrix">
  <rows>3</rows>
  <cols>3</cols>
  <dt>d</dt>
  <data>
    -5.1184953488735578e+00 1.2842315392889586e+02
    -4.3152194901028480e+00 -2.8831011899849028e+02
    6.3989400974524642e+01 3.3670281273420824e+02
    -2.6221803060398216e+01 -4.2405493247369412e+02
    6.5384192606919200e+01</data></essential>
<camera_matrix type_id="opencv-matrix">
  <rows>3</rows>
  <cols>3</cols>
  <dt>d</dt>
  <data>
    4.0623647805566743e+03 0. 8.0846836732564077e+02 0.
    4.0741709253114523e+03 5.7916176954201148e+02 0. 0. 1.</data></camera_matrix>
<projector_matrix type_id="opencv-matrix">
  <rows>3</rows>
  <cols>3</cols>
  <dt>d</dt>
  <data>
    1.9719338804124156e+03 0. 7.3100412650481428e+02 0.
    2.1977283868613140e+03 7.8700668468609069e+02 0. 0. 1.</data></projector_matrix>
<distortion_camera type_id="opencv-matrix">
  <rows>1</rows>
  <cols>5</cols>
  <dt>d</dt>
  <data>
    -5.7621108701872550e-02 -1.0349135420355534e+01
    -2.5608840125779702e-03 1.1486225543542250e-03
    1.7563289952971431e+02</data></distortion_camera>
<distorion_projector type_id="opencv-matrix">
  <rows>1</rows>
  <cols>5</cols>
  <dt>d</dt>
  <data>
    1.1142633820301569e-01 -5.7607731207787549e-01
    -1.0980119588103963e-02 2.1825483462234695e-03
    1.5757604524319422e+00</data></distorion_projector>
</opencv_storage>
