<?xml version="1.0"?>
<opencv_storage>
<fundamental type_id="opencv-matrix">
  <rows>3</rows>
  <cols>3</cols>
  <dt>d</dt>
  <data>
    -3.2237887114762703e-07 7.3238955890677324e-06
    -4.9464452723946136e-03 -1.6299761493229971e-05
    4.1209970192946492e-06 8.9195135038031226e-02 1.0003338821689290e-02
    -6.2686671709756975e-02 1.</data></fundamental>
<rotation type_id="opencv-matrix">
  <rows>3</rows>
  <cols>3</cols>
  <dt>d</dt>
  <data>
    9.0804148997278633e-01 5.3916444290387784e-02 4.1539579863436721e-01
    2.6807686831176410e-02 9.8216850719471771e-01
    -1.8608162564224706e-01 -4.1802153104207901e-01
    1.8010563708552080e-01 8.9040437952385143e-01</data></rotation>
<translation type_id="opencv-matrix">
  <rows>3</rows>
  <cols>1</cols>
  <dt>d</dt>
  <data>
    -4.2229971117018006e-01 1.8774039175128637e-02
    -1.1013025287934010e-01</data></translation>
<essential type_id="opencv-matrix">
  <rows>3</rows>
  <cols>3</cols>
  <dt>d</dt>
  <data>
    -4.8956152700036287e-03 1.1154777635378330e-01
    -3.7767297852924729e-03 -2.7653321073762216e-01
    7.0120726877281450e-02 3.3026986794896757e-01
    -2.8368484911337706e-02 -4.1578170634606759e-01
    7.0783559766053050e-02</data></essential>
<camera_matrix type_id="opencv-matrix">
  <rows>3</rows>
  <cols>3</cols>
  <dt>d</dt>
  <data>
    3.9913411943877686e+03 0. 8.5118552434016271e+02 0.
    4.0031044034271672e+03 5.7731629644888960e+02 0. 0. 1.</data></camera_matrix>
<projector_matrix type_id="opencv-matrix">
  <rows>3</rows>
  <cols>3</cols>
  <dt>d</dt>
  <data>
    1.9716475004102824e+03 0. 7.4593844436886991e+02 0.
    2.2026962300947739e+03 8.2492366291625626e+02 0. 0. 1.</data></projector_matrix>
<distortion_camera type_id="opencv-matrix">
  <rows>1</rows>
  <cols>5</cols>
  <dt>d</dt>
  <data>
    -8.0297139940024534e-02 -5.4358367573879827e+00
    -2.4102076661904567e-03 3.8190020731131051e-03
    9.0539566850912053e+01</data></distortion_camera>
<distorion_projector type_id="opencv-matrix">
  <rows>1</rows>
  <cols>5</cols>
  <dt>d</dt>
  <data>
    1.7247924635919379e-01 -8.1687877428031697e-01
    1.6000314911692271e-03 5.9909823473340475e-03 2.0752537050510904e+00</data></distorion_projector>
</opencv_storage>
