<?xml version="1.0"?>
<opencv_storage>
<fundamental type_id="opencv-matrix">
  <rows>3</rows>
  <cols>3</cols>
  <dt>d</dt>
  <data>
    -3.3188894101796886e-07 5.6375305320996043e-06
    -3.2092090051478459e-03 -2.5267620482928384e-06
    -5.4535179491309468e-07 -1.9837012700575994e-02
    2.8531392695696890e-04 1.1788974073462423e-02 1.</data></fundamental>
<rotation type_id="opencv-matrix">
  <rows>3</rows>
  <cols>3</cols>
  <dt>d</dt>
  <data>
    8.7921017343687458e-01 6.4487153958615318e-02 4.7204965617974831e-01
    -3.7419108165904234e-02 9.9708332860650395e-01
    -6.6518013793578343e-02 -4.7496239984778704e-01
    4.0819637299860531e-02 8.7905885806442940e-01</data></rotation>
<translation type_id="opencv-matrix">
  <rows>3</rows>
  <cols>1</cols>
  <dt>d</dt>
  <data>
    -4.1131656342205162e+02 -1.7626710324663005e+01
    4.5263977454987270e+02</data></translation>
<essential type_id="opencv-matrix">
  <rows>3</rows>
  <cols>3</cols>
  <dt>d</dt>
  <data>
    2.5309401321295898e+01 -4.5203908899012703e+02
    1.4613782917599876e+01 2.0260559262633925e+02 4.5979243763503796e+01
    5.7523991849432036e+02 3.0888682018786270e+01
    -4.0898019178535696e+02 3.5680643387572459e+01</data></essential>
<camera_matrix type_id="opencv-matrix">
  <rows>3</rows>
  <cols>3</cols>
  <dt>d</dt>
  <data>
    4.0324812315674076e+03 0. 8.1250000000000000e+02 0.
    4.0451777578145056e+03 6.1650000000000000e+02 0. 0. 1.</data></camera_matrix>
<projector_matrix type_id="opencv-matrix">
  <rows>3</rows>
  <cols>3</cols>
  <dt>d</dt>
  <data>
    2.0864070798382058e+03 0. 6.3950000000000000e+02 0.
    2.3886661341688105e+03 3.9950000000000000e+02 0. 0. 1.</data></projector_matrix>
<distortion_camera type_id="opencv-matrix">
  <rows>1</rows>
  <cols>12</cols>
  <dt>d</dt>
  <data>
    1.0554555860407705e-02 -3.4265065399726558e-01
    -9.4465480891715203e-06 -5.6354452380509141e-05 0. 0. 0. 0. 0. 0. 0.
    0.</data></distortion_camera>
</opencv_storage>
