<?xml version="1.0"?>
<opencv_storage>
<calibration_time>"Fre 16 Okt 2015 13:56:20 CEST"</calibration_time>
<nr_of_frames>9</nr_of_frames>
<image_width>1626</image_width>
<image_height>1234</image_height>
<board_width>8</board_width>
<board_height>6</board_height>
<square_size>29.</square_size>
<!-- flags: +fix_principal_point -->
<flags>6148</flags>
<fisheye_model>0</fisheye_model>
<camera_matrix type_id="opencv-matrix">
  <rows>3</rows>
  <cols>3</cols>
  <dt>d</dt>
  <data>
    4.0476473705715193e+03 0. 8.1250000000000000e+02 0.
    4.0607103900810721e+03 6.1650000000000000e+02 0. 0. 1.</data></camera_matrix>
<distortion_coefficients type_id="opencv-matrix">
  <rows>5</rows>
  <cols>1</cols>
  <dt>d</dt>
  <data>
    -2.2336347131800241e-01 3.2971839880908917e+00
    1.2169120236013862e-03 2.6059736126818334e-04
    -8.9584404178869292e+01</data></distortion_coefficients>
<avg_reprojection_error>3.1372974698717920e-01</avg_reprojection_error>
<per_view_reprojection_errors type_id="opencv-matrix">
  <rows>9</rows>
  <cols>1</cols>
  <dt>f</dt>
  <data>
    2.00999081e-01 5.77870965e-01 2.54912376e-01 2.54912376e-01
    2.35995889e-01 2.02586323e-01 2.01523483e-01 2.62026012e-01
    4.18970704e-01</data></per_view_reprojection_errors>
<extrinsic_parameters type_id="opencv-matrix">
  <rows>9</rows>
  <cols>6</cols>
  <dt>d</dt>
  <data>
    -2.0413921410274070e-02 5.9491796788990380e-02
    6.2762305154144354e-02 -1.1029494128290696e+02
    -7.4373328928960305e+01 9.8359602804337555e+02
    -1.7156123085724350e-02 -2.5705785234653150e-01
    4.1054874701107413e-02 -1.2103504928113693e+02
    -6.5006178762174585e+01 9.9806916412978535e+02
    -1.7805409467046131e-03 4.0741175268151721e-02
    3.1335740790863370e-03 -8.3904228899204483e+01
    -6.0370288441334168e+01 9.9143425676418883e+02
    -1.7805409467041412e-03 4.0741175268151471e-02
    3.1335740790863396e-03 -8.3904228899204483e+01
    -6.0370288441334168e+01 9.9143425676418883e+02
    3.8034759798135892e-01 -2.4605391451954206e-01
    9.6584924575505313e-02 -9.4180157556374184e+01
    -4.3343021152301084e+01 9.3386525234197381e+02
    -4.3856472090856335e-01 -2.6107820010832328e-01
    -2.6091068543467162e-02 -1.2645465736405997e+02
    -4.2488731902727544e+01 9.8257973810526471e+02
    -8.4661607491306218e-02 -1.9529823759893629e-02
    2.2831245053011717e-01 -1.1076717581279601e+02
    -9.2905617811548652e+01 9.8764028219160014e+02
    -3.6542011312449559e-02 -4.2681731008735929e-01
    4.2315090720353173e-02 -8.8654937432607923e+01
    -8.2073240169102633e+01 9.2563117125871258e+02
    -5.8803411869177303e-03 -3.4152288290598920e-01
    6.7615143352026896e-02 -7.1703585859583470e+01
    -6.5131183958401934e+01 8.1062851632649415e+02</data></extrinsic_parameters>
<image_points type_id="opencv-matrix">
  <rows>9</rows>
  <cols>48</cols>
  <dt>"2f"</dt>
  <data>
    3.60275330e+02 3.10932159e+02 4.77819031e+02 3.17393616e+02
    5.96166260e+02 3.23801605e+02 7.14844055e+02 3.30489502e+02
    8.34232910e+02 3.37339264e+02 9.54085449e+02 3.44389832e+02
    1.07408350e+03 3.51635132e+02 1.19450854e+03 3.59270691e+02
    3.52176910e+02 4.29759888e+02 4.69756134e+02 4.36510681e+02
    5.88296204e+02 4.43359955e+02 7.07231323e+02 4.50303467e+02
    8.26668213e+02 4.57490204e+02 9.46625061e+02 4.64684845e+02
    1.06693201e+03 4.72265686e+02 1.18746667e+03 4.79778137e+02
    3.44262329e+02 5.48736267e+02 4.61879272e+02 5.55813477e+02
    5.80479065e+02 5.63074097e+02 6.99547241e+02 5.70327576e+02
    8.19161255e+02 5.77613403e+02 9.39230225e+02 5.85338989e+02
    1.05963647e+03 5.92860107e+02 1.18033142e+03 6.00495605e+02
    3.36474030e+02 6.67964722e+02 4.54272583e+02 6.75394470e+02
    5.72772583e+02 6.82839722e+02 6.91850220e+02 6.90467529e+02
    8.11497986e+02 6.98163879e+02 9.31637207e+02 7.05780579e+02
    1.05214917e+03 7.13558289e+02 1.17286340e+03 7.21181763e+02
    3.28769745e+02 7.87396545e+02 4.46444061e+02 7.95185242e+02
    5.65086853e+02 8.02996582e+02 6.84259033e+02 8.10911255e+02
    8.03980408e+02 8.18633667e+02 9.24099854e+02 8.26605957e+02
    1.04457666e+03 8.34550293e+02 1.16523706e+03 8.42575439e+02
    3.21327057e+02 9.06591980e+02 4.38961182e+02 9.14586060e+02
    5.57537292e+02 9.22769897e+02 6.76570190e+02 9.30879578e+02
    7.96372009e+02 9.38943604e+02 9.16481750e+02 9.47286011e+02
    1.03693958e+03 9.55659119e+02 1.15751135e+03 9.63483704e+02
    3.23408142e+02 3.53046753e+02 4.38908051e+02 3.59546509e+02
    5.53206848e+02 3.65919189e+02 6.66059021e+02 3.72399658e+02
    7.77517151e+02 3.79215057e+02 8.86929993e+02 3.85793457e+02
    9.95111633e+02 3.92074097e+02 1.10167566e+03 3.99181519e+02
    3.18241974e+02 4.70566864e+02 4.34017456e+02 4.76203430e+02
    5.48489624e+02 4.82246033e+02 6.61653259e+02 4.88218475e+02
    7.73527405e+02 4.93065308e+02 8.82909973e+02 4.99345001e+02
    9.91044495e+02 5.05411438e+02 1.09779993e+03 5.10883057e+02
    3.13506531e+02 5.87979126e+02 4.29313080e+02 5.93094177e+02
    5.44671692e+02 5.98967224e+02 6.55762878e+02 6.04667542e+02
    7.68268738e+02 6.08450623e+02 8.78345276e+02 6.13281799e+02
    9.86954895e+02 6.18195129e+02 1.09357996e+03 6.23111328e+02
    3.08391571e+02 7.05872864e+02 4.24291260e+02 7.09644653e+02
    5.38515747e+02 7.14983215e+02 6.52116333e+02 7.17835022e+02
    7.64802979e+02 7.22474182e+02 8.73806396e+02 7.26640686e+02
    9.82587463e+02 7.31050110e+02 1.08972876e+03 7.35280212e+02
    3.04168152e+02 8.23735596e+02 4.19877136e+02 8.27615540e+02
    5.34945984e+02 8.30646729e+02 6.48423889e+02 8.32378662e+02
    7.60080200e+02 8.37593506e+02 8.69510864e+02 8.40958679e+02
    9.78344604e+02 8.44302124e+02 1.08527856e+03 8.47584351e+02
    2.99825897e+02 9.41229065e+02 4.15808197e+02 9.43966370e+02
    5.30608765e+02 9.46428467e+02 6.43522888e+02 9.49588074e+02
    7.55125122e+02 9.52067200e+02 8.65607971e+02 9.54893677e+02
    9.73853271e+02 9.57409058e+02 1.08103284e+03 9.59827209e+02
    4.70651489e+02 3.69856476e+02 5.88267822e+02 3.69828918e+02
    7.06567749e+02 3.69537628e+02 8.24696167e+02 3.69531311e+02
    9.43521912e+02 3.69449158e+02 1.06225293e+03 3.69840881e+02
    1.18116248e+03 3.70159119e+02 1.30006616e+03 3.71194489e+02
    4.70067688e+02 4.88392090e+02 5.87790833e+02 4.88415833e+02
    7.06080078e+02 4.88487030e+02 8.24513916e+02 4.88552216e+02
    9.43230347e+02 4.88969940e+02 1.06221387e+03 4.89107117e+02
    1.18124792e+03 4.89872070e+02 1.30031165e+03 4.90231781e+02
    4.69616547e+02 6.06820496e+02 5.87329102e+02 6.07187927e+02
    7.05623291e+02 6.07453613e+02 8.24266541e+02 6.07746948e+02
    9.43019348e+02 6.07960388e+02 1.06175488e+03 6.08827332e+02
    1.18101514e+03 6.08849792e+02 1.30013379e+03 6.09708618e+02
    4.69221527e+02 7.25490051e+02 5.87138367e+02 7.26011719e+02
    7.05267517e+02 7.26443604e+02 8.23862976e+02 7.26796326e+02
    9.42617554e+02 7.27606628e+02 1.06173218e+03 7.27936523e+02
    1.18064404e+03 7.28584473e+02 1.29951440e+03 7.28589294e+02
    4.68941620e+02 8.44216125e+02 5.86641541e+02 8.44861755e+02
    7.05037231e+02 8.45498169e+02 8.23481567e+02 8.46182678e+02
    9.42281677e+02 8.46655579e+02 1.06123267e+03 8.47420532e+02
    1.18058813e+03 8.47991028e+02 1.29902014e+03 8.48860535e+02
    4.69021515e+02 9.62479187e+02 5.86542175e+02 9.63177063e+02
    7.04612854e+02 9.64007019e+02 8.23151489e+02 9.64836853e+02
    9.41905151e+02 9.65651917e+02 1.06076514e+03 9.66501404e+02
    1.17961133e+03 9.67377014e+02 1.29858142e+03 9.67731873e+02
    4.70651489e+02 3.69856476e+02 5.88267822e+02 3.69828918e+02
    7.06567749e+02 3.69537628e+02 8.24696167e+02 3.69531311e+02
    9.43521912e+02 3.69449158e+02 1.06225293e+03 3.69840881e+02
    1.18116248e+03 3.70159119e+02 1.30006616e+03 3.71194489e+02
    4.70067688e+02 4.88392090e+02 5.87790833e+02 4.88415833e+02
    7.06080078e+02 4.88487030e+02 8.24513916e+02 4.88552216e+02
    9.43230347e+02 4.88969940e+02 1.06221387e+03 4.89107117e+02
    1.18124792e+03 4.89872070e+02 1.30031165e+03 4.90231781e+02
