<?xml version="1.0"?>
<opencv_storage>
<fundamental type_id="opencv-matrix">
  <rows>3</rows>
  <cols>3</cols>
  <dt>d</dt>
  <data>
    -3.3614247370969366e-07 5.4165525348723151e-06
    -2.9247910388304184e-03 -2.6460650286778497e-06
    -5.0114986120203036e-07 -1.8145316970737527e-02
    3.2051610122860982e-04 1.0654346149867757e-02 1.</data></fundamental>
<rotation type_id="opencv-matrix">
  <rows>3</rows>
  <cols>3</cols>
  <dt>d</dt>
  <data>
    8.8807096651985751e-01 6.3424989243642510e-02 4.5531003630924943e-01
    -3.8772755875568853e-02 9.9724164952181393e-01
    -6.3291119920769162e-02 -4.5806837025306574e-01
    3.8553381154646758e-02 8.8808051716904857e-01</data></rotation>
<translation type_id="opencv-matrix">
  <rows>3</rows>
  <cols>1</cols>
  <dt>d</dt>
  <data>
    -3.9801820450398452e+02 -2.0132870336946006e+01
    4.5571707117890838e+02</data></translation>
<essential type_id="opencv-matrix">
  <rows>3</rows>
  <cols>3</cols>
  <dt>d</dt>
  <data>
    2.6891637852910200e+01 -4.5523623400154185e+02
    1.0963233900993583e+01 2.2238954959326026e+02 4.4248797882396786e+01
    5.6096476912380831e+02 3.3311680296215840e+01
    -3.9564340371469973e+02 3.4357715836035204e+01</data></essential>
<camera_matrix type_id="opencv-matrix">
  <rows>3</rows>
  <cols>3</cols>
  <dt>d</dt>
  <data>
    4.0267243314712414e+03 0. 8.1250000000000000e+02 0.
    4.0385047545169150e+03 6.1650000000000000e+02 0. 0. 1.</data></camera_matrix>
<projector_matrix type_id="opencv-matrix">
  <rows>3</rows>
  <cols>3</cols>
  <dt>d</dt>
  <data>
    2.0623623556347075e+03 0. 6.3950000000000000e+02 0.
    2.3584334722784292e+03 3.9950000000000000e+02 0. 0. 1.</data></projector_matrix>
<distortion_camera type_id="opencv-matrix">
  <rows>1</rows>
  <cols>12</cols>
  <dt>d</dt>
  <data>
    -1.8369476202573903e-01 -1.1025602527473623e-02
    2.8246992854715034e-04 9.4395753667065815e-04 0. 0. 0. 0. 0. 0. 0.
    0.</data></distortion_camera>
<distorion_projector type_id="opencv-matrix">
  <rows>1</rows>
  <cols>12</cols>
  <dt>d</dt>
  <data>
    7.8059698320022339e-02 -2.6653746657060184e-01
    -7.9745590963931925e-02 -1.4945061820614778e-02 0. 0. 0. 0. 0. 0. 0.
    0.</data></distorion_projector>
</opencv_storage>
