<?xml version="1.0"?>
<opencv_storage>
<corners>
  3.60273987e+02 3.10932190e+02 4.77818787e+02 3.17393402e+02
  5.96169312e+02 3.23804199e+02 7.14840881e+02 3.30490967e+02
  8.34230652e+02 3.37339691e+02 9.54092102e+02 3.44389557e+02
  1.07408289e+03 3.51635254e+02 1.19450854e+03 3.59270538e+02
  3.52180054e+02 4.29760193e+02 4.69756500e+02 4.36510590e+02
  5.88296204e+02 4.43359802e+02 7.07228882e+02 4.50302887e+02
  8.26667419e+02 4.57490143e+02 9.46624878e+02 4.64684692e+02
  1.06693103e+03 4.72265686e+02 1.18746667e+03 4.79777832e+02
  3.44262085e+02 5.48736633e+02 4.61875977e+02 5.55815613e+02
  5.80479980e+02 5.63068848e+02 6.99547302e+02 5.70327698e+02
  8.19159485e+02 5.77612488e+02 9.39230408e+02 5.85339478e+02
  1.05963696e+03 5.92858582e+02 1.18033142e+03 6.00495667e+02
  3.36473938e+02 6.67963989e+02 4.54272461e+02 6.75394409e+02
  5.72769836e+02 6.82840332e+02 6.91854004e+02 6.90470032e+02
  8.11497925e+02 6.98163635e+02 9.31637207e+02 7.05780762e+02
  1.05215063e+03 7.13558289e+02 1.17286536e+03 7.21183899e+02
  3.28765625e+02 7.87400146e+02 4.46443634e+02 7.95184387e+02
  5.65091003e+02 8.03002014e+02 6.84259583e+02 8.10912720e+02
  8.03987976e+02 8.18635193e+02 9.24091919e+02 8.26606201e+02
  1.04457654e+03 8.34550171e+02 1.16524146e+03 8.42574524e+02
  3.21327423e+02 9.06592224e+02 4.38960571e+02 9.14586182e+02
  5.57536621e+02 9.22768738e+02 6.76570129e+02 9.30878845e+02
  7.96370972e+02 9.38944397e+02 9.16481140e+02 9.47285828e+02
  1.03693188e+03 9.55660400e+02 1.15751160e+03 9.63483765e+02</corners>
</opencv_storage>
