<?xml version="1.0"?>
<opencv_storage>
<corners>
  3.23404602e+02 3.53047455e+02 4.38892761e+02 3.59557861e+02
  5.53177734e+02 3.65900604e+02 6.66032715e+02 3.72415039e+02
  7.77521973e+02 3.79194305e+02 8.86960876e+02 3.85763458e+02
  9.95062378e+02 3.92045471e+02 1.10169031e+03 3.99208557e+02
  3.18235443e+02 4.70565918e+02 4.34007782e+02 4.76173340e+02
  5.48478699e+02 4.82220734e+02 6.61730591e+02 4.88313141e+02
  7.73578613e+02 4.93011169e+02 8.82892517e+02 4.99347656e+02
  9.91012329e+02 5.05417908e+02 1.09783459e+03 5.10922882e+02
  3.13525940e+02 5.88003784e+02 4.29305298e+02 5.93093262e+02
  5.44724182e+02 5.99044128e+02 6.55738159e+02 6.04689514e+02
  7.68269592e+02 6.08430847e+02 8.78354675e+02 6.13309937e+02
  9.86978760e+02 6.18233459e+02 1.09353735e+03 6.23159790e+02
  3.08390015e+02 7.05883545e+02 4.24292725e+02 7.09633911e+02
  5.38463196e+02 7.15032776e+02 6.51949219e+02 7.17676758e+02
  7.64833008e+02 7.22425049e+02 8.73769836e+02 7.26610474e+02
  9.82577271e+02 7.31042969e+02 1.08970801e+03 7.35246399e+02
  3.04194885e+02 8.23766602e+02 4.19875702e+02 8.27619812e+02
  5.34962097e+02 8.30669556e+02 6.48441711e+02 8.32349304e+02
  7.60047180e+02 8.37585266e+02 8.69537231e+02 8.40934631e+02
  9.78296204e+02 8.44276794e+02 1.08525720e+03 8.47584534e+02
  2.99824554e+02 9.41224792e+02 4.15792236e+02 9.43947937e+02
  5.30600220e+02 9.46417114e+02 6.43540588e+02 9.49609741e+02
  7.55103882e+02 9.52089539e+02 8.65615906e+02 9.54927429e+02
  9.73850708e+02 9.57397095e+02 1.08103589e+03 9.59817871e+02</corners>
</opencv_storage>
