<?xml version="1.0"?>
<opencv_storage>
<corners>
  4.10591339e+02 3.30731689e+02 5.34030518e+02 3.38911835e+02
  6.55918213e+02 3.47116791e+02 7.75791077e+02 3.55133789e+02
  8.94072510e+02 3.63342407e+02 1.01036591e+03 3.71468628e+02
  1.12469312e+03 3.79687653e+02 1.23702991e+03 3.88087311e+02
  3.96829102e+02 4.48423004e+02 5.18986938e+02 4.55696014e+02
  6.39655090e+02 4.62992889e+02 7.58497437e+02 4.70161194e+02
  8.75500183e+02 4.77374481e+02 9.90778015e+02 4.84577515e+02
  1.10416992e+03 4.91802704e+02 1.21553796e+03 4.98938019e+02
  3.83662781e+02 5.63483765e+02 5.04518616e+02 5.69853455e+02
  6.23820740e+02 5.76320435e+02 7.41414185e+02 5.82541138e+02
  8.57435974e+02 5.88831055e+02 9.71604736e+02 5.95266846e+02
  1.08388684e+03 6.01351807e+02 1.19438538e+03 6.07523071e+02
  3.70719696e+02 6.75896973e+02 4.90404572e+02 6.81511169e+02
  6.08477417e+02 6.86907410e+02 7.24779297e+02 6.92425293e+02
  8.39582825e+02 6.97923889e+02 9.52541016e+02 7.03180481e+02
  1.06398669e+03 7.08505554e+02 1.17344507e+03 7.13618835e+02
  3.58389160e+02 7.85865051e+02 4.76537415e+02 7.90636719e+02
  5.93413879e+02 7.95372681e+02 7.08578064e+02 7.99946472e+02
  8.22226074e+02 8.04481140e+02 9.34056885e+02 8.09130859e+02
  1.04436902e+03 8.13388550e+02 1.15279773e+03 8.17875122e+02
  3.46388947e+02 8.93089905e+02 4.63309326e+02 8.96919922e+02
  5.78816711e+02 9.00910217e+02 6.92914673e+02 9.04912476e+02
  8.05270264e+02 9.08457703e+02 9.15993530e+02 9.12365479e+02
  1.02502502e+03 9.16200989e+02 1.13249817e+03 9.19578125e+02</corners>
</opencv_storage>
