<?xml version="1.0"?>
<opencv_storage>
<corners>
  2.97510956e+02 3.36062073e+02 4.13316498e+02 3.44249878e+02
  5.27881165e+02 3.52273926e+02 6.40947205e+02 3.60310791e+02
  7.52676392e+02 3.68538300e+02 8.62435608e+02 3.76658966e+02
  9.70961975e+02 3.84573395e+02 1.07801270e+03 3.93160736e+02
  2.90796814e+02 4.53566010e+02 4.06872192e+02 4.60929352e+02
  5.21575745e+02 4.68336975e+02 6.34623413e+02 4.75778625e+02
  7.46917786e+02 4.82999908e+02 8.56979065e+02 4.90412659e+02
  9.65561035e+02 4.97807831e+02 1.07255334e+03 5.05007660e+02
  2.84530701e+02 5.71182007e+02 4.00533081e+02 5.77879395e+02
  5.15853394e+02 5.85081421e+02 6.28649536e+02 5.91130066e+02
  7.40673889e+02 5.98125732e+02 8.51159363e+02 6.04356201e+02
  9.59817810e+02 6.10924622e+02 1.06703772e+03 6.17344849e+02
  2.77965973e+02 6.89094299e+02 3.94143890e+02 6.94801453e+02
  5.09159210e+02 7.01122681e+02 6.22275818e+02 7.06397461e+02
  7.35258850e+02 7.12976074e+02 8.44977600e+02 7.18232971e+02
  9.54292297e+02 7.23821167e+02 1.06151514e+03 7.29572205e+02
  2.72004303e+02 8.07228210e+02 3.88231720e+02 8.12505310e+02
  5.03335541e+02 8.17370300e+02 6.17098877e+02 8.21968628e+02
  7.28757446e+02 8.27373840e+02 8.39381775e+02 8.32334534e+02
  9.48338501e+02 8.37364929e+02 1.05578540e+03 8.42241150e+02
  2.66137512e+02 9.24826965e+02 3.82366608e+02 9.29190125e+02
  4.97602264e+02 9.33591675e+02 6.10867310e+02 9.37989197e+02
  7.23031921e+02 9.42264648e+02 8.33725037e+02 9.46637695e+02
  9.42610840e+02 9.50596130e+02 1.04996484e+03 9.54496155e+02</corners>
</opencv_storage>
