<?xml version="1.0"?>
<opencv_storage>
<corners>
  2.93569641e+02 4.41708252e+02 4.10932983e+02 4.46462769e+02
  5.27278015e+02 4.51051331e+02 6.41752930e+02 4.55657318e+02
  7.55049561e+02 4.60222137e+02 8.66612793e+02 4.64963440e+02
  9.76512451e+02 4.69662994e+02 1.08497925e+03 4.74698120e+02
  2.96628326e+02 5.49068237e+02 4.15578278e+02 5.53152344e+02
  5.33295776e+02 5.57251160e+02 6.49322510e+02 5.61129028e+02
  7.63827271e+02 5.65259949e+02 8.76806885e+02 5.69144775e+02
  9.88096313e+02 5.73405884e+02 1.09759631e+03 5.77309509e+02
  3.00060089e+02 6.59090332e+02 4.20382843e+02 6.62515686e+02
  5.39482544e+02 6.65935730e+02 6.57095398e+02 6.69151184e+02
  7.72768799e+02 6.72345825e+02 8.87101562e+02 6.75831604e+02
  9.99705200e+02 6.79113892e+02 1.11024719e+03 6.82457336e+02
  3.03532745e+02 7.72004395e+02 4.25640289e+02 7.74708557e+02
  5.46005981e+02 7.77243713e+02 6.64840576e+02 7.79797424e+02
  7.82035767e+02 7.82521484e+02 8.97684937e+02 7.84852112e+02
  1.01142889e+03 7.87373962e+02 1.12342908e+03 7.89536194e+02
  3.07317474e+02 8.87607605e+02 4.30671509e+02 8.89639282e+02
  5.52695923e+02 8.91535767e+02 6.72983032e+02 8.93406433e+02
  7.91535645e+02 8.94975586e+02 9.08487061e+02 8.96539551e+02
  1.02360486e+03 8.98282349e+02 1.13657483e+03 8.99906250e+02
  3.11550537e+02 1.00581488e+03 4.36419037e+02 1.00694769e+03
  5.59705688e+02 1.00803107e+03 6.81438904e+02 1.00880206e+03
  8.01312500e+02 1.00988959e+03 9.19475952e+02 1.01077173e+03
  1.03573279e+03 1.01169244e+03 1.15008533e+03 1.01215912e+03</corners>
</opencv_storage>
