<?xml version="1.0"?>
<opencv_storage>
<corners>
  3.91909088e+02 3.55006683e+02 5.05007294e+02 3.60311279e+02
  6.15066711e+02 3.65342590e+02 7.21873901e+02 3.70397186e+02
  8.25599609e+02 3.75349091e+02 9.26502625e+02 3.80329376e+02
  1.02449182e+03 3.85415558e+02 1.11967493e+03 3.90534607e+02
  3.90614838e+02 4.80279907e+02 5.03753479e+02 4.83715271e+02
  6.13999634e+02 4.87087738e+02 7.20901489e+02 4.90405243e+02
  8.24786377e+02 4.93789734e+02 9.25781433e+02 4.97136444e+02
  1.02386505e+03 5.00532318e+02 1.11905798e+03 5.03826569e+02
  3.89459717e+02 6.05735718e+02 5.02623657e+02 6.07442200e+02
  6.12916748e+02 6.08971619e+02 7.19860718e+02 6.10648376e+02
  8.23890625e+02 6.12154602e+02 9.25155701e+02 6.13942017e+02
  1.02303955e+03 6.15619141e+02 1.11839526e+03 6.17157837e+02
  3.88387299e+02 7.31257751e+02 5.01722778e+02 7.31111023e+02
  6.11884888e+02 7.30824768e+02 7.18906372e+02 7.30743042e+02
  8.22939026e+02 7.30769165e+02 9.23973877e+02 7.30569458e+02
  1.02229095e+03 7.30536316e+02 1.11759192e+03 7.30475037e+02
  3.87534698e+02 8.56770447e+02 5.00858765e+02 8.54799500e+02
  6.10878296e+02 8.53046997e+02 7.17993652e+02 8.51067200e+02
  8.22003418e+02 8.49069397e+02 9.23128967e+02 8.47451416e+02
  1.02127472e+03 8.45673340e+02 1.11656067e+03 8.44115723e+02
  3.86804535e+02 9.81913635e+02 4.99991882e+02 9.78128662e+02
  6.10122559e+02 9.74463257e+02 7.17341797e+02 9.70778748e+02
  8.21081726e+02 9.67191711e+02 9.22168762e+02 9.63963684e+02
  1.02022919e+03 9.60826965e+02 1.11549438e+03 9.57358459e+02</corners>
</opencv_storage>
