<?xml version="1.0"?>
<opencv_storage>
<corners>
  3.60510223e+02 2.36451279e+02 4.75483734e+02 2.62934814e+02
  5.90885376e+02 2.89566132e+02 7.06093567e+02 3.16158447e+02
  8.21631104e+02 3.43086731e+02 9.36969849e+02 3.70131653e+02
  1.05222083e+03 3.97274475e+02 1.16719763e+03 4.24897675e+02
  3.32320496e+02 3.50866974e+02 4.47592865e+02 3.77541504e+02
  5.63257996e+02 4.04348419e+02 6.79011169e+02 4.31224640e+02
  7.94732422e+02 4.58307709e+02 9.10646606e+02 4.85335449e+02
  1.02626550e+03 5.12740601e+02 1.14175171e+03 5.39866516e+02
  3.04171570e+02 4.65952789e+02 4.19657471e+02 4.92832458e+02
  5.35637329e+02 5.19831482e+02 6.51808044e+02 5.46768799e+02
  7.67824646e+02 5.73752991e+02 8.83936707e+02 6.01160767e+02
  1.00004071e+03 6.28371033e+02 1.11564429e+03 6.55653259e+02
  2.75914215e+02 5.81751709e+02 3.91842499e+02 6.08804321e+02
  5.08078064e+02 6.35739502e+02 6.24463928e+02 6.62937073e+02
  7.40696228e+02 6.90330811e+02 8.57335815e+02 7.17429016e+02
  9.73577454e+02 7.44665344e+02 1.08963440e+03 7.71551880e+02
  2.47716751e+02 6.98262207e+02 3.63804871e+02 7.25424988e+02
  4.80397797e+02 7.52713135e+02 5.96937439e+02 7.79885986e+02
  7.13619141e+02 8.07059509e+02 8.30368591e+02 8.34304260e+02
  9.47127991e+02 8.61634216e+02 1.06327405e+03 8.88872192e+02
  2.19846176e+02 8.14996094e+02 3.36111359e+02 8.42194336e+02
  4.52711426e+02 8.69495605e+02 5.69549622e+02 8.96817810e+02
  6.86440186e+02 9.24247009e+02 8.03335022e+02 9.51626648e+02
  9.20145813e+02 9.79020569e+02 1.03670447e+03 1.00602234e+03</corners>
</opencv_storage>
