<?xml version="1.0"?>
<opencv_storage>
<corners>
  2.98864471e+02 3.32515198e+02 4.16391663e+02 3.39254028e+02
  5.34887329e+02 3.45899841e+02 6.53881348e+02 3.52754547e+02
  7.73742859e+02 3.59888702e+02 8.93958923e+02 3.67243164e+02
  1.01473981e+03 3.74615784e+02 1.13601477e+03 3.82601562e+02
  2.90312439e+02 4.51781952e+02 4.07954010e+02 4.58852112e+02
  5.26576965e+02 4.66042603e+02 6.45762329e+02 4.73301697e+02
  7.65706482e+02 4.80746155e+02 8.86176270e+02 4.88313080e+02
  1.00723083e+03 4.96171814e+02 1.12853589e+03 5.03919312e+02
  2.82045593e+02 5.71302185e+02 3.99703308e+02 5.78693970e+02
  5.18314819e+02 5.86346680e+02 6.37775085e+02 5.93930847e+02
  7.57659241e+02 6.01552063e+02 8.78272156e+02 6.09572937e+02
  9.99448547e+02 6.17487793e+02 1.12083691e+03 6.25523499e+02
  2.73843994e+02 6.91009399e+02 3.91681427e+02 6.98884949e+02
  5.10271667e+02 7.06652893e+02 6.29658691e+02 7.14698425e+02
  7.49667969e+02 7.22857056e+02 8.70379761e+02 7.30860840e+02
  9.91567139e+02 7.39076721e+02 1.11305566e+03 7.47117371e+02
  2.65780029e+02 8.10763245e+02 3.83537262e+02 8.19179565e+02
  5.02241425e+02 8.27356934e+02 6.21696533e+02 8.35762268e+02
  7.41668518e+02 8.44047852e+02 8.62437439e+02 8.52421448e+02
  9.83651123e+02 8.60759644e+02 1.10506213e+03 8.69409058e+02
  2.58055756e+02 9.30469055e+02 3.75766205e+02 9.38988892e+02
  4.94363495e+02 9.47716003e+02 6.13657898e+02 9.56365479e+02
  7.33779053e+02 9.64942383e+02 8.54404236e+02 9.73873230e+02
  9.75545532e+02 9.82690674e+02 1.09696008e+03 9.91095642e+02</corners>
</opencv_storage>
