<?xml version="1.0"?>
<opencv_storage>
<corners>
  4.05082031e+02 4.28514404e+02 5.28155457e+02 4.35644440e+02
  6.49906311e+02 4.42670746e+02 7.69506104e+02 4.49649750e+02
  8.87473694e+02 4.56500916e+02 1.00353546e+03 4.63702118e+02
  1.11762866e+03 4.70553833e+02 1.22984131e+03 4.77911072e+02
  3.92196686e+02 5.45747925e+02 5.14144714e+02 5.51964905e+02
  6.34560059e+02 5.58123962e+02 7.53133606e+02 5.64231079e+02
  8.69877563e+02 5.70461609e+02 9.85062805e+02 5.76434387e+02
  1.09796265e+03 5.82640259e+02 1.20939185e+03 5.88405273e+02
  3.79822205e+02 6.60343933e+02 5.00417328e+02 6.65722351e+02
  6.19507812e+02 6.71070190e+02 7.37010132e+02 6.76317017e+02
  8.52710571e+02 6.81441650e+02 9.66622314e+02 6.86711243e+02
  1.07891406e+03 6.91774597e+02 1.18897205e+03 6.96820312e+02
  3.67629730e+02 7.72424255e+02 4.87219604e+02 7.77050659e+02
  6.05061707e+02 7.81404236e+02 7.21275818e+02 7.85696838e+02
  8.35821289e+02 7.90215332e+02 9.48697021e+02 7.94383240e+02
  1.05963208e+03 7.98747070e+02 1.16920215e+03 8.02639465e+02
  3.56141418e+02 8.81991638e+02 4.74129944e+02 8.85938782e+02
  5.90985474e+02 8.89400330e+02 7.05747437e+02 8.93080017e+02
  8.19433960e+02 8.96480286e+02 9.31115051e+02 8.99966980e+02
  1.04133936e+03 9.03366455e+02 1.14941687e+03 9.06779358e+02
  3.44959503e+02 9.88799561e+02 4.61744263e+02 9.91841003e+02
  5.77033813e+02 9.94761597e+02 6.91016602e+02 9.97729004e+02
  8.03220520e+02 1.00030829e+03 9.13891663e+02 1.00310687e+03
  1.02290894e+03 1.00575891e+03 1.13016687e+03 1.00822015e+03</corners>
</opencv_storage>
